image: 405_1030_1.pgm
resolution: 0.050000
origin: [-23.400000, -33.000000, 0.000000]
negate: 0
occupied_thresh: 0.65
free_thresh: 0.196

