image: 405_1030_4.pgm
resolution: 0.050000
origin: [-34.600000, -81.000000, 0.000000]
negate: 0
occupied_thresh: 0.65
free_thresh: 0.196

